CFE	=	0.0023	;
CFI	=	1.9488	;
CFP	=	60.4280	;
CLE	=	0.0010	;
CLP	=	0.0099	;
CLT	=	0.0096	;
deltaF	=	8.2100	;
deltal	=	14	;
kF	=	2.5412	;
KFI	=	107.0100	;
KiLP	=	0.3495	;
KLT	=	420	;
KmL	=	183.5600	;
kL	=	0.7457	;
n	=	8	;
V	=	2.5000	;
v0L	=	1.0517e+03	;
v1L	=	34838	;
vF	=	3.2366e+03	;
cphiF	=	0.0113	;
ss	=	0.7470	;
f0	=	0.0025	;
f1	=	4.3764	;
f2	=	27.8120	;
h1	=	590.3200	;
h2	=	1.8153e+03	;
hp	=	20.7640	;
hs	=	12.3290	;
l	=	0.4902	;
m	=	4	;
s	=	2.3780	;
w	=	0.2317	;
CTF2	=	123.8136	;
deltaE	=	1.1000	;
deltaP	=	0.5000	;
deltaT	=	5.5000	;
e0	=	44.5120	;
eta	=	1.1087	;
h3	=	17.7960	;
k1	=	1.0900	;
k2	=	22.2865	;
k3	=	113.9188	;
p	=	0.3734	;
t0	=	741.6800	;
t1	=	0.5709	;
t2	=	1.3481	;
tao1	=	5.3989	;
tao2	=	0	;
tao3	=	430.9100	;
tg1	=	6.6548	;
tg2	=	186.2700	;
psi	=	2.0043e+03	;
FSH	=	142.5000	;
LH	=	25.3400	;
FSHp	=	116.8200	;
LHp	=	250.3500	;
phi	=	0.5019	;
omega	=	9.7509	;
lamda	=	4.1020	;
S	=	0.0505	;
Ty	=	0.0040	;
T	=	273.6700	;
E2	=	56.3870	;
P4	=	0.4680	;
t_end=62;
tspan=[0,t_end];
%y0=[155.1824    4.2012   84.6065  207.0007    0.3776    9.8888    5.6286    0.0432    0.0031  259.5425   41.2947    1.1785];
y0= [FSH LH FSHp LHp phi omega lamda S Ty T E2 P4];
PRCC_var={'	CFE	','	CFI	','	CFP	','	CLE	','	CLP	','	CLT	','	deltaF	','	deltal	','	kF	','	KFI	','	KiLP	','	KLT	','	KmL	','	kL	','	n	','	V	','	v0L	','	v1L	','	vF	','	cphiF	','	ss	','	f0	','	f1	','	f2	','	h1	','	h2	','	hp	','	hs	','	l	','	m	','	s	','	w	','	CTF2	','	deltaE	','	deltaP	','	deltaT	','	e0	','	eta	','	h3	','	k1	','	k2	','	k3	','	p	','	t0	','t1','	t2	','	tao1','	tao2	','	tao3	','	tg1	','	tg2	','	psi	','Dummy'};
y_var_label={'FSH' 'LH' 'FSHp' 'LHp' 'phi' 'omega' 'lamda' 'S' 'Ty' 'T' 'E2' 'P4'};
time_points=0:t_end;
% index_points = 1:round(1/dt):length(tspan);